10001101 1011111. 11000010. 450

111001011111110110. Ferro. 1100 11ορ01001 10111. Duo 0000110, ’
00 000 pentola 1111110010.

22 1100310-1101 1100011110 0110. 11101110. 110 0100010 1000
001 000 manico (1101000010, 0 mol conservato, od incaseato 00
(11 00 100000 (11 10110 00010010. Ferro. 110 00100000 00010010,
000 00000000. -

2511110010-1011011 110103110 001000010 da n. 11000101
0 0 00111, 01110 1 001111 100011001011, 0 0000010 0 (1101011010 10
0011011001, 0110 1001000111 110010 0110 0000 (10110 di Pansa, 0
0100110000110 0110 00 0100010110010110 10 000010 do* 110301
rustici, 10000110 0. 33 1100001ιί 01 giorno.

11 ,1. 10111 311 0330111 001011 10 questo Giornaie‚ (101(1128
01101110 1830 0 22 1003310 4810, 00000101111000011011 10110·
poli (101 custode Fronooooo di Sannoi! (11 6 310300 4810.

3 11100110 - Nol 01010 0 01010110 (101110310000 (10110 0000, 0
dritta ii 010010110 (101 110301 rustici, 01 o 00100010 000 dei so·
liti quadri 000001, 0 001 01010 (11 110010 000100010, 0110 000
10 (100110 mono 00011000 000 00000010.

8 0100110- 10 110110 0110. 11101110. 110 0100011001010 010110
(11010100110. [1000100010 di modulo mezzano. 1101000111οο
privo 111 manici. [100 00111110. Seite 310000. 1100 10001οκ111
1000. Una mosonium 001 000 1000110110. 110 00110 0013001-

0111000. 1100 01000110. 11000000011101011001100011. 10110. 1100 1

1100010 001 00110 10110. 10110000.010110101001010000110.
110 013001101 divensi. 1100000111οο.

9 0100110-11101110. 110 01000101000110110. 10110. 1100 00·
1011100110 10110 001 00110.

21 0100110-Α (100110 del (10110 110010110οἰ0 interamenta
(1101011010 10 00110 0010100 di on 0101010000, 100011010 00110 ’
1010100 010 (11 311 00000110 010001 4841. Lo 00110 1010100 di
(10110 0101010000 vion 000100010 do 110 novi 0000010, 030000
di 0000 (11 1003110110 00120, 0110110 001. 32, 0101300110 001.
411110. 110110 ,00110 0010100, 0 0100110 10100 11 110010110οἀ
0110010, 0011001 000 000110οῑ0 10 (100 1000, 030’ 000 di 00122
di 1003110110 0 (11 1013110110 001. 0, 0110 0100101000 00110 00110
000011010;01010101010010 0110 1100011110 110 0100010 1000 0110
00101000 01 01000 di (10110 0101010000, 10 011010 (11 001. 11. ¹³
secondo di 001. 5100 10 10110 di 001. 4010100110110100010
ed 0110110010 01 01010 000 3100011010 di bonozo, (1011000010
100000 0000010 1 000 001103110, 011011ον0 1’ acqua 0110 (11·
verso 1001000, effi 001 sinodo 0100000010οο. ι

20100110-11 110103110 00000010 (10 0. 11 0001010 6

 

