tte rennuunt! (333333133333331

333331313 3333113 31 33313313 31331303, 31 13333113. 11333-
331133 1333311 33311333313, 333113333 pii grande. Un
3333133 3313311 333133. [133 3133133 11 1111133. 11331333
3333311333313 3311313 133 pezzi.

, 40 3311313033 - 1313113 313333 11 (33333113 33333313 13
3. 46 333331 3 0 33331 1 3333313 3 1131333333 33113 313313 131
83331331, 3113 33331333313311333131 3113, 31 (1133333333 13-
canda 3311111133 31133 3111 133331111 333331 vi 1 33 3333133
¹ 33331333, 333 33333 3333111313 3133313311,31133333 31-
13113113 3133333133313113 1311131313.

42 settembre - 13 131 3113, 31 1 33333113.Β33333.11331131·
311313 3333113 311333313 31 33 33333 11 terro 33311313. 03
1331311 vase inpii pezzi. Ferro. 113 33113113. ·

11 settembre -113133333311333 313331 33331 331 3331113
(1311311133 3333 3 31313133 13 31331313111313313311,31131333·
3313 33313331313333333,111333133331. 4 113333 ’1. 11 331.

tt 8311313133- 13 13113313333 31 13331313 13 questi 113311
313111133311 S. Α. 1111113331111131333, ed 13 333 333333-
33311 33333113 13 333 11311333, 3333313 31 333 13311 archi
13113 3331 13113 1333313 3 131113 13 313313 131 3333131333
113131 giorno 4011 13113 mese 13333313 3 1131333333 113-
1333 13333113, 33333313 (13 3. 1303311 3 0 33331, 31133 31

33 3333133 33331333 333 33333 3333111313 3 i 33313311, 3113 -

31 Ι33333333 331 ,33313333 (13113 33113131311131313.ιξ1Α1ἰω333-
333 133 3 3 31 ,3 (3 3333333 3333333 333
Sua. 1133333. 1133 3333313313331313 3 133 333131 31333311.
Due basi 333131113133313. ’133 333331 313331331333 33313 331
33333, 13333 33333131331. [13 333113113 333 3333131333. Una
scibo 333 3331333313113 31331311 313. 031311 31 1 3333313
3113133333 313333 313333 13 3133 313331113 13113 33333 31·
nistra 13 31313131 113333133ιί, 3 333331311 133313 3113 3333
Ι(13111333331333, 333 31133333113. moneo. Un candelabro di

altena 331. 11131133 conservato. 113 vase 3 (133 33313111- ·

31333311, 11 3113333 331. ³12, edi 11333133 33113 113333 ²122 di

31, 3 331 13311333113331113111 333131 vi 31 313333333 33
{ottone di 3333313. Due 331113. 11133 333 3311. 1133133313
mezzo 11331311 33 113333 barbato, di 3113333 ¹12OE 331. 1131·
1133131 frammenti di 131113133313, 133 quali 133 pomi di 3333.
Hermo. Τ33 31311 11133313 333 1331311 13333 33313 33331-
333313311 basi. 1133 3333331333 11313333 33113. 113 1131-
1133133 candelabro 333 33331333313311 1333331113νί 13 3133,
, 11 3313313313 133 pezzi 33333333 13 bate, 1131133311 33113

 

