110 0001011111111111101111111101010011

013. 001. 11100011, 010 00030110 00000010 110110 010000 001·
1110110110310000 00110 0000, 0 01010110 11011000 001Ιο100000,
010 si 0 10000110. ormo. 110οο0000 0 000 manici 01010000-
11. 1100 0100001010 001000 1000110110. 110 31100010 1110010001
vose. 11111.011110111111-1101111111, 000 01 0001 10110.
1100 110000 0 pollo. Uo 100111011010 10110. 1111000110. 110οο-
100111. 1100001101001100 1113001101. [1001000100. 1100 1110111.
110 0000101110. Ferro. 1110 0111010. 0010110111 pezzi 101011.
119 Aprile -110110 010000 0110. Dromo. 1100 1000010 01 (00-
0010 mezzano.
. 1 1103310 - 10 00110 giorno 10 01000000 01 S. E. 11013001
1).Μί0110110011001003010, 0 01 000 001111000011103010010010·
11, 01 0 00030110 000 00010 10 1100010000 0 0111101111 110-
310000 00110 0000 01 Apollo, 010 01 1 10000110010000. 110
0100100 01 vose. (1101100 31100010 001110. 1100 01011110 01 00110-
10111. 1100 01000110. 1100 0100011001ωο 01113110. 7010110000·
1011100110 1011011110. 1)(1010010001011000111. 1011010110. 1100
= pignotini. 1100 1011011110. 11001101301000131010100110 sopo-

11010 0 01010110. Hormo. 110100101100. 1100 31100010 010111.- 110 ,

braccio. 1100 1001110 0100031110. 11001001 10 000 010010 0 01-
. 1110110 10 0000, 0 01110110 10 011000 00110 Fortuna. 11101110. 110
0000010010 01 0110010 [101. 1111, 000 000 11000110 1110000011.
1100100011101000111000100. 1100 potera 001 1000100 010100·
0010. 111110 11111ρί00010. [1001000100. 1100 0000010Ιο. ·

11 1003310 - 10 01000010 01 S. Ε. 1101311000 810100 110·
001101, 0001 013. 001. 81000111, 01 o 00030110 000 00110 11οΙ·
10 010010 0 0101011010 0000, 001010110 10 011000 00110 Fortuna,

00 10 0030110 00110 000011110, 010 01 110000110. 1110110011ηο ,
’ 00000 11100030 0 (100 0100101 (1101000011. 1100 [11300110 000100· ¹

0010 0 (100 manici (1101000011. 110 1000 10010030 0 000 manici
010100001101 0110010001. 1.11031000011100010110111100011. 1100
101010 01 3100110010, 000 11010030, 00 01110 010111100100110111Ι
3110. 1100 00000 011001010 0 000 manici 0101000011. 110 00100-
01000 01100100 1010010000, 0000101100 10011 01 01 000110.
1011010110. 0001110 10001110110101. 110010000110010110. 1100
100010010110. Ferro. 1100000110.

21 1103310-110110000110010 0000 01 Apollo, 0 proprio
001 1010 01110110 0011111310000 001 31010100, 01 0000110110 on

010001001001100000111001 pitture. 110110 pareto 01 110110 01
1000 00 benissimo trono, ossio 1001311010 mezzo- 001 (30010 1

010 113010 sedente di 00100, ohe 00011010 000.Ιο 000110 mono
000010, 0 3103310 1 [11001 00 01 00 000010ος 000 01010110-001·

 

