11 6661616111666666166116 nronrn

essere on 66666116 11 16116, mentre 61 66161666 ancora por·
zione 161 16111 16111 1666611611 661 1166611166 161 166611116 61·
161161616, 611 161661166611116166161661 6616 666 6166616
611616116, 66 16 66116 61616116 16116 66616 661661 66 baccone,
61 61611 16166616 61 6616 666 61611611166666616 66366616

166166 iecrrzionc: Μ , ΜΗ . Μ . F
(111111 · 11111111

11166616116-1616116 giorno delinito (161 163116166616 6
61616116, 16661616116 6111611666166636116 161 6163611666
6666116 661616616 16 16116 611616, 6666 61161616116166 616
66116 6116611616 11 Mercurio, 116 16 1616616116 16116 cedde
66616111661661661611116616, 61613616 66 3166166, 6 16
3661116 666 66111666 161 316666116 166116; 16166611116 resta
111611616611111 661. 16 361616 11 166316116 661. 1 'ne 16
616116161 6161611 166316116 'tr di 661, 6 661 giorno 16 66-
36116 66116 stesso 6116 61 11666666 666 6611616116, 616166 61

6616 61 11116666666 6. 65 6166616 1666616 116136616, 6 6.

11 116616 11 (661616316616.

8 1166111116- 16 16116 giorno, 6661116 peimi 611 666611
616 61 1166666616 11 16661111 6336111, 6666 611616 16116166
616 661166116 6116161611611 Mercurio, 6111666666 11 16616

, - 666611666616 6111 166611111 frammenti, 11666161166611666-

sere 66 66166 6 6666116, mentre oon 16 166611116 mono 66-
61166611 116661616666116, 6 666 166161611616611611661666·
1ο, 6166616666366116 ,16116 66116 11 116116 1616666116,
61166161 61616; 111666111ιί 11661666111616611666666616 16
16116 616166 66661 6661661666616.

10 1116661116 -in 16116 giorno 61 porto sn 161 soavi SM.
11 111616116116311116116, 61 16 666 61666616161666116161·
1616 16 16116 6 666116 6111611666, 66 16 11111616116166611116
611616 16 6636116 6 666116, 666 61 6616 161611616611166166-
61161616 6611666 66’ 661616 66 16 666116, 666 61 1166666616
1663666116336111. Brenno. Un caseon 6616166166 ohiomnto
1616616. Uo 6311616 661 manico 6 666616116 1166611616. Uno
61616611661166111666, di 6116116 ³1, di 661. Tre 661116 11
661161166166616111. Una mappa di 661161616. Tro 366161·
11661 11 mobile. Due 666116111 661 36616111666. Cinqne rno-
661611 1661616 61611666, 61 66611 modulo piccoio. 11616.
Dieoi ogiiari 61 66 manico. [16611666161616116666116116·
61166616611 6611616166. 1111611 figure circoiere con 666
1661161666116. (116666161161166 6116611111. Sei 6136611161

 

