31 mmmmm 3333
3113313333113333333311331 3333333311. 113 333311 (11 331113

13333311ἱ 311313333113. 131331 113 333331333133133131133113.
11313 3133313 3111333113 333 13 3331333132 11331111311331. unffi·
car'p'ffinena'di color 11113. 113133311331313. ’

19 3133113-13 (1313313333 31 33313 33 (13113333111313.
11333’1’,’ 1133133313 (13113 11331 53333131131131111331313. nonno&
31, 31131333 33333333 3131313333 33333131333 (13113331133
13133331131131 3333333133 3333313, 33 13 31313113331131313331
3113333113 (131 Foro, 333 31 31333333. 03313. N. 2 lucerne 3
(13313131. N. 63 33333311313. N. 1 3133311113 (133 31331333.
1133 13333 3133313333. 113 3133313333311133. ’

. 11133313- 13 (13113 313333· (13113 3331131113 (1311313333, 331-
1331133131111333133133333 Tempio della Fortuna 33311333
11 33333311 3333111. 11333313. 133313133113, 333 (1131133333 331.
2, che per 333333 3333333313 di terra non 333331313113313.
31133 (11Ι 3113333 331. 1 ¹12 che sembra 3315311313, ed 31133 (11
3113333112 pal. 3133113333 33 1133331113. 113 1313133133 11311331
33 33331113, che 333 13 (133133 3333133 31 33311333 11113’3ἰ131)1ο·’-
· 313113, 3 (131 3311331 (13333333 13113, 3 (13113 punta (131 (13113
33331333 13 31333133 3133 313333311333, (113113333113111331.
113 3333113 ad 33 (333133. 311133 3333333333133113333313311
(133 3311133133 33331333. 113· 3133313 333113113 (11 oro. 1131 333
11333 3131113 3’ (133133 (13113 (13113 1133113 31 13333111 333331

· ·- ΙΙ · nomomvu
c·GAvlvn·AEo

10 1133313 ·· 13 (13113 giorno 31 33313 33 (13133331 il 313.
11.,1·“33(11333(13 1113333 (11 3111313 dis. 11. (11. G.) (1133113 31
sig. 11333331,ν ed 13 1333 33333333 31 3 (1131333313 311331 331,-
31333 (13113 313333 13311333, che 13 (1131333313 11 giorno 29 3311-

“ 13Ι 13 33333333 (131 313. 113331, 333 31 3 313133311. und 313-

3313 (11 1333333111 modulo 13333333. Creta. N. 61113331113111’“
(1133333 forma. 113 3333113 detto (3133333313 3333313113.
031113331333111 3333133133333 33313133. Ciaque 3311331.
’13313333311331331 113313333 pin 333333 331 3333131313.

’ 131133313413 (13113 giorno 31 3, 331313 33 (131 33311 SN.
111113131331331333 (11331133 (33111 3133331 311 11313. 11311113
ci, ed 131 1333 33333333 31 3 (1131333313 a 133 33331333 (13113 (11 ⁴
sopr'a 1133311113 3311333, 333 31 3 3111333313. creta. Ν. 13111- ¹
33333 (1133333. 113 ’3333113 111 3131133133 331 33113 33113. N: ’1 ·
3311311. (1113 3313331131 31333133133333 (333131330311113 111- ,
331133 3111311111 31133 (133 3113331311 131 3333131113. 03111111 .

 

