1111 111111111111111111111111111

9 11111111 -111111111111111113111111111111 [1111111111
11 1111111111. 11111111. 1111111111111111.

11111911-’11111311 oggetti 111111 11 questo (11111111
dal 1111113ςὶ1 1 11 8 5113111838, 1111111111111111 111
11111 11111111111111111111111. ,

20 1111111-1111111111 111111111111111111111111111111
111 11111111. Brome. 111 11111111 11 11111111 11111 11111 111
111 111111111111111. 1111111111. . .

2³ 1111111-11111111111111. amm. 111 1111111111 11
111111, .

28 ,11111111 - Nello stesso 1111. nmmo. 111 1111 1111 con·
1111111. 111 11111111111111. [1111111111 111111111111.

3 111111-1111111111111111. 11111111. [111 1111111111. Ter·

- 1111111. 1111 13111111111111.
10 111111 -111111 111111 1 111111 11 11111111111111111·
“ 111111111111111111.11111111. N. 111 111111111111111 mo·
dulo, 11. 3111113111111 1111111 111111, 11111 1111111 11
11 1111111 1111111 1111111111, 11111 111111111.

1211111111-111111111111 sito. 7111111111. 11 . 1111111111
1111 11111. -

11111111-1111111111111111. Brome. 11111111 privo di .
11111111 1111111111. 11111111 1111111111 11111 111131. 111

¹ 1111111111. [In 11111 1111111111 11131111111111111111111.

1111 1111111 1111111111 1111111111.

11 1119111- 111111 stesso 1111. 1111111. 111 1111111111.

2³ 111111 ... 111111 111111 1111. 8111111. 1111 1111111 11111·
11 11 1111111111. 111 11111111 11111111. Tarracone. 1111 11·
11111.

10 1111111-111111111111 1111. Brome. 111111111111111-
1111111 1111111 11111111. 11111. 111 1111111111 11111131.

11 119111 -u 1111 1111 1111111111. 1111111. 111 1111111 privo
{li 1111111. 1111111111 di modulo mezzano. 1111111111. 11111
111111.

1 ,111111 -1111 sito stesso. 11111111111111111111 per gner-
1111111. 0111. 11111111111111111111111111. ,

11111111 ⁴·- 111111 stesso 111111111111111111111 111 111
111111. Amo 11111111 11111111, ”
. 1111111 ιε- 1111 1111111111131. 71111. 1111 11111111 111-
coloratum 111111111111.

1 1111111-*11111111111111 1111111. 111 1111111111. 1111111-
111111 circulare ρ1131111111111.

13 aquato -1111 11111111ω1111111111. 11111111111111111

 

